Sheet: 配件属性
Headers: 1(None) 2(攻击) 3(力量) 4(敏捷) 5(智识) 6(意志) 7(暴击) 8(暴击伤害) 9(源石技艺强度) 10(终结技充能效率) 11(物理加成) 12(灼热加成) 13(电磁加成) 14(寒冷加成) 15(自然加成) 16(普攻加成) 17(失衡加成) 18(战技加成) 19(连携技加成) 20(终结技加成) 21(攻击力加成) 22(主属性) 23(副属性) 

[(0, '点剑火石0锻'), (2, 21), (3, 32), (10, 0.23)]
[(0, '点剑火石3锻'), (2, 27), (3, 41), (10, 0.299)]
[(0, '点剑定位信标0锻'), (2, 41), (8, 0.414)]
[(0, '点剑定位信标3锻'), (2, 53), (8, 0.5382)]
[(0, '点剑微型滤芯0锻'), (2, 32), (5, 21), (10, 0.23)]
[(0, '点剑微型滤芯3锻'), (2, 41), (5, 27), (10, 0.299)]
[(0, '点剑短刃0锻'), (2, 21), (3, 32), (19, 0.5175)]
[(0, '点剑短刃3锻'), (2, 27), (3, 41), (19, 0.67275)]
[(0, '生物辅助护板0锻'), (4, 21), (5, 32), (21, 0.207017835010977)]
[(0, '生物辅助护板3锻'), (4, 27), (5, 41), (21, 0.2691232)]
[(0, '生物辅助接驳器0锻'), (2, 32), (5, 21), (10, 0.23)]
[(0, '生物辅助接驳器3锻'), (2, 41), (5, 27), (10, 0.299)]
[(0, '生物辅助接驳器·壹型0锻'), (2, 32), (5, 21)]
[(0, '生物辅助接驳器·壹型3锻'), (2, 41), (5, 27)]
[(0, '生物辅助接驳器·贰型0锻'), (2, 41)]
[(0, '生物辅助接驳器·贰型3锻'), (2, 53)]
[(0, '生物辅助护盾针0锻'), (5, 41)]
[(0, '生物辅助护盾针3锻'), (5, 53)]
[(0, '动火用测温镜0锻'), (4, 41), (17, 0.414)]
[(0, '动火用测温镜3锻'), (4, 53), (17, 0.5382)]
[(0, '动火用储能匣0锻'), (2, 32), (3, 21), (8, 0.414)]
[(0, '动火用储能匣3锻'), (2, 41), (3, 27), (8, 0.5382)]
[(0, '动火用电力匣0锻'), (4, 21), (5, 32), (8, 0.414)]
[(0, '动火用电力匣3锻'), (4, 27), (5, 41), (8, 0.5382)]
[(0, 'M.I.警用工具组0锻'), (3, 21), (4, 32), (6, 0.1035)]
[(0, 'M.I.警用工具组3锻'), (3, 27), (4, 41), (6, 0.13455)]
[(0, 'M.I.警用刺刃0锻'), (4, 21), (5, 32), (11, 0.23), (14, 0.23)]
[(0, 'M.I.警用刺刃3锻'), (4, 27), (5, 41), (11, 0.299), (14, 0.299)]
[(0, 'M.I.警用刺刃·壹型0锻'), (3, 21), (5, 32), (17, 0.414)]
[(0, 'M.I.警用刺刃·壹型3锻'), (3, 27), (5, 41), (17, 0.5382)]
[(0, 'M.I.警用臂环0锻'), (2, 32), (5, 21), (12, 0.23), (13, 0.23)]
[(0, 'M.I.警用臂环3锻'), (2, 41), (5, 27), (12, 0.299), (13, 0.299)]
[(0, 'M.I.警用瞄具0锻'), (2, 21), (3, 32), (17, 0.414)]
[(0, 'M.I.警用瞄具3锻'), (2, 27), (3, 41), (17, 0.5382)]
[(0, 'M.I.警用瞄具·壹型0锻'), (3, 32), (4, 21), (6, 0.1035)]
[(0, 'M.I.警用瞄具·壹型3锻'), (3, 41), (4, 27), (6, 0.13455)]
[(0, '纾难印章0锻'), (4, 43), (9, 0.257142857142857)]
[(0, '纾难印章3锻'), (4, 55), (9, 0.3342857)]
[(0, '纾难印章·壹型0锻'), (5, 43), (6, 0.108)]
[(0, '纾难印章·壹型3锻'), (5, 55), (6, 0.1404)]
[(0, '纾难识别牌0锻'), (2, 43)]
[(0, '纾难识别牌3锻'), (2, 55)]
[(0, '纾难识别牌·壹型0锻'), (3, 43), (18, 0.432)]
[(0, '纾难识别牌·壹型3锻'), (3, 55), (18, 0.5616)]
[(0, '长息蓄电核0锻'), (2, 21), (4, 32), (9, 0.246428571428571)]
[(0, '长息蓄电核3锻'), (2, 27), (4, 41), (9, 0.32035714)]
[(0, '长息蓄电核·壹型0锻'), (4, 32), (5, 21)]
[(0, '长息蓄电核·壹型3锻'), (4, 41), (5, 27)]
[(0, '长息辅助臂0锻'), (4, 21), (5, 32), (9, 0.246428571428571)]
[(0, '长息辅助臂3锻'), (4, 27), (5, 41), (9, 0.32035714)]
[(0, '碾骨面具0锻'), (2, 21), (3, 32), (16, 0.414)]
[(0, '碾骨面具3锻'), (2, 27), (3, 41), (16, 0.5382)]
[(0, '碾骨面具·壹型0锻'), (2, 21), (3, 32), (6, 0.1035)]
[(0, '碾骨面具·壹型3锻'), (2, 27), (3, 41), (6, 0.13455)]
[(0, '碾骨面具·贰型0锻'), (2, 21), (3, 32), (17, 0.414)]
[(0, '碾骨面具·贰型3锻'), (2, 27), (3, 41), (17, 0.5382)]
[(0, '碾骨小雕像0锻'), (3, 21), (5, 32), (17, 0.414)]
[(0, '碾骨小雕像3锻'), (3, 27), (5, 41), (17, 0.5382)]
[(0, '碾骨小雕像·壹型0锻'), (4, 21), (5, 32), (18, 0.414)]
[(0, '碾骨小雕像·壹型3锻'), (4, 27), (5, 41), (18, 0.5382)]
[(0, '碾骨小雕像·贰型0锻'), (4, 21), (5, 32), (17, 0.414)]
[(0, '碾骨小雕像·贰型3锻'), (4, 27), (5, 41), (17, 0.5382)]
[(0, '轻超域分析环0锻'), (2, 32), (5, 21), (10, 0.23)]
[(0, '轻超域分析环3锻'), (2, 41), (5, 27), (10, 0.299)]
[(0, '轻超域稳定盘0锻'), (2, 21), (3, 32), (8, 0.414)]
[(0, '轻超域稳定盘3锻'), (2, 27), (3, 41), (8, 0.5382)]
[(0, '轻超域稳定盘·壹型0锻'), (2, 21), (3, 32), (10, 0.23)]
[(0, '轻超域稳定盘·壹型3锻'), (2, 27), (3, 41), (10, 0.299)]
[(0, '轻超域腕表0锻'), (2, 32), (3, 21), (17, 0.414)]
[(0, '轻超域腕表3锻'), (2, 41), (3, 27), (17, 0.5382)]
[(0, '拓荒通信器0锻'), (2, 32), (3, 21), (18, 0.414)]
[(0, '拓荒通信器3锻'), (2, 41), (3, 27), (18, 0.5382)]
[(0, '拓荒通信器·壹型0锻'), (2, 32), (4, 21), (12, 0.23), (13, 0.23)]
[(0, '拓荒通信器·壹型3锻'), (2, 41), (4, 27), (12, 0.299), (13, 0.299)]
[(0, '拓荒增量供氧栓0锻'), (3, 32), (4, 21), (22, 0.207017835010977)]
[(0, '拓荒增量供氧栓3锻'), (3, 41), (4, 27), (22, 0.2691232)]
[(0, '拓荒增量供氧栓·壹型0锻'), (3, 21), (4, 32), (22, 0.207017835010977)]
[(0, '拓荒增量供氧栓·壹型3锻'), (3, 27), (4, 41), (22, 0.2691232)]
[(0, '拓荒分析仪0锻'), (2, 41), (19, 0.5175)]
[(0, '拓荒分析仪3锻'), (2, 53), (19, 0.67275)]
[(0, '拓荒供氧栓0锻'), (5, 41), (10, 0.23)]
[(0, '拓荒供氧栓3锻'), (5, 53), (10, 0.299)]
[(0, '脉冲式校准器0锻'), (4, 41), (8, 0.414)]
[(0, '脉冲式校准器3锻'), (4, 53), (8, 0.5382)]
[(0, '脉冲式探针0锻'), (3, 21), (4, 32), (8, 0.414)]
[(0, '脉冲式探针3锻'), (3, 27), (4, 41), (8, 0.5382)]
[(0, '脉冲式侵入核0锻'), (5, 41), (19, 0.5175)]
[(0, '脉冲式侵入核3锻'), (5, 53), (19, 0.67275)]
[(0, '50式应龙雷达0锻'), (2, 32), (5, 21), (10, 0.23)]
[(0, '50式应龙雷达3锻'), (2, 41), (5, 27), (10, 0.299)]
[(0, '50式应龙雷达·壹型0锻'), (2, 21), (3, 32), (19, 0.5175)]
[(0, '50式应龙雷达·壹型3锻'), (2, 27), (3, 41), (19, 0.67275)]
[(0, '50式应龙雷达·贰型0锻'), (3, 32), (4, 21), (18, 0.414)]
[(0, '50式应龙雷达·贰型3锻'), (3, 41), (4, 27), (18, 0.5382)]
[(0, '50式应龙短刃0锻'), (3, 21), (5, 32), (18, 0.414)]
[(0, '50式应龙短刃3锻'), (3, 27), (5, 41), (18, 0.5382)]
[(0, '50式应龙短刃·壹型0锻'), (2, 21), (4, 32), (17, 0.276), (18, 0.276), (19, 0.276)]
[(0, '50式应龙短刃·壹型3锻'), (2, 27), (4, 41), (17, 0.3588), (18, 0.3588), (19, 0.3588)]
[(0, '悬河供氧栓0锻'), (2, 32), (5, 21), (12, 0.23), (13, 0.23)]
[(0, '悬河供氧栓3锻'), (2, 41), (5, 27), (12, 0.299), (13, 0.299)]
[(0, '浊流切割炬0锻'), (2, 21), (4, 32), (15, 0.276)]
[(0, '浊流切割炬3锻'), (2, 27), (4, 41), (15, 0.3588)]
[(0, '壤流短棍0锻'), (4, 21), (5, 32), (17, 0.414)]
[(0, '壤流短棍3锻'), (4, 27), (5, 41), (17, 0.5382)]
[(0, '清波定位仪0锻'), (2, 21), (3, 32), (17, 0.414)]
[(0, '清波定位仪3锻'), (2, 27), (3, 41), (17, 0.5382)]
[(0, '清波竹刃0锻'), (2, 32), (3, 21), (11, 0.23), (14, 0.23)]
[(0, '清波竹刃3锻'), (2, 41), (3, 27), (11, 0.299), (14, 0.299)]
[(0, '清波水罐0锻'), (4, 32), (5, 21), (8, 0.414)]
[(0, '清波水罐3锻'), (4, 41), (5, 27), (8, 0.5382)]
