Sheet name: 护甲属性
[(1, '攻击'), (2, '力量'), (3, '敏捷'), (4, '智识'), (5, '意志'), (6, '暴击'), (7, '暴击伤害'), (8, '源石技艺强度'), (9, '终结技充能效率'), (10, '物理加成'), (11, '灼热加成'), (12, '电磁加成'), (13, '寒冷加成'), (14, '自然加成'), (15, '普攻加成'), (16, '失衡加成'), (17, '战技加成'), (18, '连携技加成'), (19, '终结技加成'), (20, '攻击力加成'), (21, '主属性'), (22, '副属性')]
[(0, '点剑重装甲0锻'), (2, 58), (3, 87), (8, 0.207)]
[(0, '点剑重装甲3锻'), (2, 75), (3, 113), (8, 0.2691)]
[(0, '点剑重装甲·壹型0锻'), (2, 87), (3, 58), (10, 0.115)]
[(0, '点剑重装甲·壹型3锻'), (2, 113), (3, 75), (10, 0.1495)]
[(0, '点剑轻装甲0锻'), (2, 87), (5, 58), (9, 0.123214285714286)]
[(0, '点剑轻装甲3锻'), (2, 113), (5, 75), (9, 0.16017857)]
[(0, '落潮轻甲0锻'), (2, 58), (4, 87), (9, 0.123214285714286)]
[(0, '落潮轻甲3锻'), (2, 75), (4, 113), (9, 0.16017857)]
[(0, 'M.I.警用罩衣0锻'), (3, 58), (4, 87), (15, 0.138)]
[(0, 'M.I.警用罩衣3锻'), (3, 75), (4, 113), (15, 0.1794)]
[(0, 'M.I.警用罩衣·壹型0锻'), (4, 87), (5, 58), (6, 0.05175)]
[(0, 'M.I.警用罩衣·壹型3锻'), (4, 113), (5, 75), (6, 0.067275)]
[(0, 'M.I.警用罩衣·贰型0锻'), (3, 58), (5, 87), (17, 0.207)]
[(0, 'M.I.警用罩衣·贰型3锻'), (3, 75), (5, 113), (17, 0.2691)]
[(0, 'M.I.警用护甲0锻'), (2, 58), (3, 87), (8, 0.207)]
[(0, 'M.I.警用护甲3锻'), (2, 75), (3, 113), (8, 0.2691)]
[(0, 'M.I.警用护甲·壹型0锻'), (3, 87), (4, 58), (9, 0.123214285714286)]
[(0, 'M.I.警用护甲·壹型3锻'), (3, 113), (4, 75), (9, 0.16017857)]
[(0, '拓荒护甲0锻'), (2, 87), (4, 58), (19, 0.25875)]
[(0, '拓荒护甲3锻'), (2, 113), (4, 75), (19, 0.336375)]
[(0, '拓荒护甲·壹型0锻'), (2, 87), (3, 58), (17, 0.207)]
[(0, '拓荒护甲·壹型3锻'), (2, 113), (3, 75), (17, 0.2691)]
[(0, '拓荒护甲·贰型0锻'), (3, 87), (4, 58), (17, 0.207)]
[(0, '拓荒护甲·贰型3锻'), (3, 113), (4, 75), (17, 0.2691)]
[(0, '拓荒护甲·叁型0锻'), (3, 87), (4, 58), (22, 0.103508917505489)]
[(0, '拓荒护甲·叁型3锻'), (3, 113), (4, 75), (22, 0.1345616)]
[(0, '拓荒护服0锻'), (3, 58), (4, 87), (9, 0.123214285714286)]
[(0, '拓荒护服3锻'), (3, 75), (4, 113), (9, 0.16017857)]
[(0, '脉冲式干扰服0锻'), (4, 87), (5, 58), (8, 0.207)]
[(0, '脉冲式干扰服3锻'), (4, 113), (5, 75), (8, 0.2691)]
[(0, '50式应龙轻甲0锻'), (2, 58), (5, 87), (17, 0.138), (18, 0.138), (19, 0.138)]
[(0, '50式应龙轻甲3锻'), (2, 75), (5, 113), (17, 0.1794), (18, 0.1794), (19, 0.1794)]
[(0, '50式应龙重甲0锻'), (2, 87), (5, 58), (10, 0.115)]
[(0, '50式应龙重甲3锻'), (2, 113), (5, 75), (10, 0.1495)]
[(0, '50式应龙重甲·壹型0锻'), (2, 58), (3, 87), (9, 0.123214285714286)]
[(0, '50式应龙重甲·壹型3锻'), (2, 75), (3, 113), (9, 0.16017857)]
[(0, '50式应龙重甲·贰型0锻'), (3, 87), (4, 58), (18, 0.207)]
[(0, '50式应龙重甲·贰型3锻'), (3, 113), (4, 75), (18, 0.2691)]
[(0, '生物辅助胸甲0锻'), (4, 58), (5, 87)]
[(0, '生物辅助胸甲3锻'), (4, 75), (5, 113)]
[(0, '生物辅助重甲0锻'), (2, 87), (5, 58)]
[(0, '生物辅助重甲0锻'), (2, 113), (5, 75)]
[(0, '碾骨重护甲0锻'), (3, 87), (4, 58), (9, 0.123214285714286)]
[(0, '碾骨重护甲3锻'), (3, 113), (4, 75), (9, 0.16017857)]
[(0, '碾骨重护甲·壹型0锻'), (2, 58), (3, 87), (18, 0.207)]
[(0, '碾骨重护甲·壹型3锻'), (2, 75), (3, 113), (18, 0.2691)]
[(0, '碾骨重护甲·贰型0锻'), (2, 58), (3, 87), (12, 0.115), (13, 0.115)]
[(0, '碾骨重护甲·贰型3锻'), (2, 75), (3, 113), (12, 0.1495), (13, 0.1495)]
[(0, '碾骨披巾0锻'), (2, 58), (5, 87), (18, 0.207)]
[(0, '碾骨披巾3锻'), (2, 75), (5, 113), (18, 0.2691)]
[(0, '碾骨披巾·壹型0锻'), (3, 58), (5, 87), (9, 0.123214285714286)]
[(0, '碾骨披巾·壹型3锻'), (3, 75), (5, 113), (9, 0.16017857)]
[(0, '轻超域护板0锻'), (2, 87), (5, 58), (16, 0.207)]
[(0, '轻超域护板3锻'), (2, 113), (5, 75), (16, 0.2691)]
[(0, '动火用外骨骼0锻'), (2, 87), (3, 58), (11, 0.115), (14, 0.115)]
[(0, '动火用外骨骼3锻'), (2, 113), (3, 75), (11, 0.1495), (14, 0.1495)]
[(0, '动火用辅助骨骼0锻'), (4, 87), (5, 58), (11, 0.115), (14, 0.115)]
[(0, '动火用辅助骨骼3锻'), (4, 113), (5, 75), (11, 0.1495), (14, 0.1495)]
[(0, '长息装甲0锻'), (4, 58), (5, 87), (8, 0.207)]
[(0, '长息装甲3锻'), (4, 75), (5, 113), (8, 0.2691)]
[(0, '纾难重甲0锻'), (3, 115), (15, 0.144)]
[(0, '纾难重甲3锻'), (3, 149), (15, 0.1872)]
[(0, '纾难护甲0锻'), (4, 115), (9, 0.128571428571427)]
[(0, '纾难护甲3锻'), (4, 149), (9, 0.16714285)]
[(0, '壤流轻甲0锻'), (4, 58), (5, 87), (12, 0.115), (13, 0.115)]
[(0, '壤流轻甲3锻'), (4, 75), (5, 113), (12, 0.1495), (13, 0.1495)]
[(0, '清波重甲0锻'), (2, 58), (3, 87), (9, 0.128571428571427)]
[(0, '清波重甲3锻'), (2, 75), (3, 113), (9, 0.16714285)]
[(0, '清波轻甲0锻'), (4, 87), (5, 58), (8, 0.207)]
[(0, '清波轻甲3锻'), (4, 113), (5, 75), (8, 0.2691)]
