Sheet: 武器属性
Headers: 1(None) 2(攻击) 3(主能力) 4(副能力) 5(力量) 6(敏捷) 7(智识) 8(意志) 9(暴击) 10(暴击伤害) 11(源石技艺强度) 12(终结技充能效率) 13(物理加成) 14(灼热加成) 15(电磁加成) 16(寒冷加成) 17(自然加成) 18(普攻加成) 19(失衡加成) 20(战技加成) 21(连携技加成) 22(终结技加成) 23(攻击力加成) 24(主属性) 25(副属性) 

[(0, '宏愿0潜'), (1, 500), (5, 156), (10, 0.48), (22, 0.39)]
[(0, '宏愿5潜'), (1, 500), (5, 156), (10, 0.84), (22, 0.39)]
[(0, '熔铸火焰0潜'), (1, 510), (6, 156), (13, 0.256), (22, 0.39)]
[(0, '熔铸火焰5潜'), (1, 510), (6, 156), (13, 0.448), (22, 0.39)]
[(0, '扶摇0潜'), (1, 495), (2, 132), (8, 0.195), (18, 0.56), (19, 0.24), (21, 0.24)]
[(0, '扶摇5潜'), (1, 495), (2, 132), (8, 0.195), (18, 0.98), (19, 0.42), (21, 0.42)]
[(0, '不知归0潜'), (1, 500), (7, 156), (12, 0.256), (22, 0.39)]
[(0, '不知归5潜'), (1, 500), (7, 156), (12, 0.448), (22, 0.39)]
[(0, '热熔切割器0潜'), (1, 490), (7, 156), (22, 0.55)]
[(0, '热熔切割器5潜'), (1, 490), (7, 156), (22, 0.67)]
[(0, '钢铁余音5潜'), (1, 411), (5, 124), (12, 0.347), (22, 0.14)]
[(0, '遗忘0潜'), (1, 495), (6, 156), (8, 0.08), (13, 0.433), (14, 0.433), (15, 0.433), (16, 0.433)]
[(0, '遗忘5潜'), (1, 495), (6, 156), (8, 0.14), (13, 0.433), (14, 0.433), (15, 0.433), (16, 0.433)]
[(0, '骑士精神0潜'), (1, 485), (7, 156)]
[(0, '骑士精神5潜'), (1, 485), (7, 156)]
[(0, '爆破单元0潜'), (1, 490), (2, 132), (10, 0.78), (24, 0.16)]
[(0, '爆破单元5潜'), (1, 490), (2, 132), (10, 0.78), (24, 0.28)]
[(0, '使命必达0潜'), (1, 500), (7, 156), (11, 0.464), (16, 0.256)]
[(0, '使命必达5潜'), (1, 500), (7, 156), (11, 0.464), (16, 0.448)]
[(0, '沧溟星梦0潜'), (1, 495), (6, 156), (24, 0.256)]
[(0, '沧溟星梦5潜'), (1, 495), (6, 156), (24, 0.448)]
[(0, '悼亡诗5潜'), (1, 411), (6, 124), (24, 0.312)]
[(0, '典范0潜'), (1, 500), (2, 132), (12, 0.16), (22, 0.39)]
[(0, '典范5潜'), (1, 500), (2, 132), (12, 0.28), (22, 0.39)]
[(0, '赫拉芬格0潜'), (1, 505), (4, 156), (19, 0.32), (20, 0.32), (21, 0.32), (22, 0.39)]
[(0, '赫拉芬格5潜'), (1, 505), (4, 156), (19, 0.56), (20, 0.56), (21, 0.56), (22, 0.39)]
[(0, '骁勇0潜'), (1, 495), (5, 156), (12, 0.433), (22, 0.16)]
[(0, '骁勇5潜'), (1, 495), (5, 156), (12, 0.433), (22, 0.28)]
[(0, '负山0潜'), (1, 500), (5, 156), (12, 0.433)]
[(0, '负山5潜'), (1, 500), (5, 156), (12, 0.433)]
[(0, '艺术暴君0潜'), (1, 505), (6, 156), (8, 0.195), (15, 0.256)]
[(0, '艺术暴君5潜'), (1, 505), (6, 156), (8, 0.195), (15, 0.448)]
[(0, '落草0潜'), (1, 505), (5, 156), (15, 0.256), (22, 0.39)]
[(0, '落草5潜'), (1, 505), (5, 156), (15, 0.448), (22, 0.39)]
[(0, '狼之绯0潜'), (1, 505), (5, 156), (8, 0.195), (22, 0.256)]
[(0, '狼之绯5潜'), (1, 505), (5, 156), (8, 0.195), (22, 0.448)]
[(0, '光荣记忆0潜'), (1, 490), (5, 156), (8, 0.195), (22, 0.112)]
[(0, '光荣记忆5潜'), (1, 490), (5, 156), (8, 0.195), (22, 0.196)]
[(0, '孤舟0潜'), (1, 510), (7, 156), (14, 0.256), (22, 0.39)]
[(0, '孤舟5潜'), (1, 510), (7, 156), (14, 0.448), (22, 0.39)]
[(0, '添加分割线')]
[(0, '嵌合正义5潜'), (1, 411), (4, 124), (8, 0.084), (11, 0.371), (22, 0.42)]
[(0, 'JET0潜'), (1, 500), (7, 132), (15, 0.192), (22, 0.39)]
[(0, '楔子0潜'), (1, 500), (2, 132), (8, 0.195), (13, 0.192), (14, 0.192), (15, 0.192), (16, 0.192)]
[(0, '楔子5潜'), (1, 500), (2, 132), (8, 0.195), (13, 0.366), (14, 0.366), (15, 0.366), (16, 0.366)]
[(0, '望乡0潜'), (1, 490), (5, 156), (15, 0.433), (22, 0.112)]
[(0, '望乡5潜'), (1, 490), (5, 156), (15, 0.433), (22, 0.196)]
[(0, '理性告别'), (1, 411), (4, 124), (13, 0.347), (19, 0.28), (22, 0.448)]
[(0, '同类相食0潜'), (1, 490), (2, 132), (13, 0.625)]
[(0, '同类相食5潜'), (1, 490), (2, 132), (13, 0.769)]
[(0, '破碎君王0潜'), (1, 490), (4, 156), (8, 0.195), (22, 0.32)]
[(0, '破碎君王5潜'), (1, 490), (4, 156), (8, 0.195), (22, 0.56)]
[(0, '光荣记忆0潜'), (1, 490), (5, 156), (8, 0.195), (22, 0.112)]
[(0, '光荣记忆5潜'), (1, 490), (5, 156), (8, 0.195), (22, 0.196)]
[(0, '显赫声名0潜'), (1, 490), (2, 132), (12, 0.433), (22, 0.24)]
[(0, '迷失荒野5潜'), (1, 411), (6, 124), (10, 0.28), (14, 0.347)]
[(0, '莫奈何5潜'), (1, 411), (7, 124), (10, 0.7), (11, 0.371), (23, 0.14)]
[(0, '轻芒5潜'), (1, 411), (5, 124), (22, 0.312), (24, 0.14)]
[(0, '坚城5潜'), (1, 411), (6, 124), (10, 0.7), (11, 0.371), (22, 0.14)]
[(0, 'obj尖峰5潜'), (1, 411), (7, 124), (12, 0.347)]
[(0, '一级三星武器'), (1, 41), (2, 10)]
[]
[]
[]
